phase 2.2796967 -0.52888143 -1.083245 -0.0782451 -0.5940083 1.0747977 -1.5504582 -1.3208447
includes -1.045605 0.3010196 1.0663098 3.0186985 0.52639693 1.8050582 -0.03129802 2.2829895
sunco -5.3554554 -1.1800762 0.58394784 -5.2998314 -3.3982313 -1.0485699 0.29673773 -0.9352858
qualifications -2.6549804 4.153661 1.9131707 1.0944071 -2.163693 0.30761322 -1.0382311 2.1932855
problem 0.026085468 0.9396351 -0.63125527 -0.14076051 -1.826503 -1.0505551 -1.0174712 0.9617717
a 3.8316422 -1.677137 0.2422785 1.332088 0.44450954 1.7629248 0.7997261 0.32189387
citations -10.89104 -1.0025675 0.8458558 4.067357 2.9525156 0.6683685 0.6807873 0.57153445
panels -0.27951673 2.2934098 -1.9943266 -1.8333459 -0.35681874 -0.39569157 1.0938123 -0.30316794
electrical -0.2663318 4.2673144 -1.1917342 -0.076924235 1.9459811 -1.6113212 0.509364 0.22189246
interface 1.8254039 0.5164849 -2.2504761 0.4891053 0.70376116 -0.9007197 -0.42917967 -0.58053315
systems -3.1305737 2.8759298 -2.973402 -0.5220355 1.4440572 -1.54002 -1.2946075 2.914958
seek 4.730032 -1.0673416 3.054427 3.4489872 -2.6066108 -1.1357377 0.09801044 -0.21483876
secure 0.4690787 0.63991374 0.51980513 -0.29123735 -0.12018888 -1.9768965 -1.2305839 -1.3586395
could 0.9702824 -3.1332319 2.5005703 -1.8243808 3.1748595 -2.0570242 0.7296711 1.772828
smart 1.244389 -0.56079096 0.43527552 -1.3215688 3.1873293 -1.6762961 -1.0687382 -0.82082903
what 2.2253036 -1.3782707 3.0042262 -0.5349284 5.8837442 -2.076105 0.063691385 0.14238968
believe 3.5194678 -2.9129808 1.6208293 0.70723057 -1.0844554 -0.96271706 -1.3668774 0.79726
since 1.2918988 -1.1052043 0.65220517 -0.79168206 0.9323293 2.0185084 1.262833 1.2350614
industry -0.119177654 5.5416245 0.89268327 -0.64187056 3.3904066 -0.9123678 -0.02816163 1.6842153
loan 0.5150123 3.3597956 4.7305684 1.6495193 -0.29764804 0.23577502 -2.1434019 -2.6374567
very 1.4222589 -2.214719 -0.69639987 -2.6763828 1.9242561 0.7218979 0.31302044 -0.22012845
include 2.079394 -1.3876626 0.91825557 1.9721602 -1.1604555 0.48278588 -1.204998 1.7116697
communication -0.47379452 3.395982 -1.5311763 -1.3771788 2.0014215 -1.325268 -0.2871871 0.9087021
rates -0.24374276 0.6279899 -3.157083 -1.1184208 -2.028755 0.2718583 -0.46211016 1.1949896
according -1.1463642 -2.2486465 -0.57229835 0.15456916 1.2103477 2.2905498 2.3712862 1.2369955
references -3.1373818 4.033967 4.37292 1.5271926 -2.1525176 2.2939374 1.3894705 2.5028813
challenges -2.2740285 2.6957822 0.5682996 -1.1801721 -2.402975 0.7933824 -1.0028245 0.7232057
chart -2.8148842 3.5755072 3.8970382 0.90464264 -0.6356229 1.7166187 0.49468866 -0.44057274
market 2.597354 0.91336715 -2.0401971 0.10543777 1.1473826 -0.17532021 -0.683436 -1.0709394
whole 1.0156848 -2.1541862 -0.57782423 -1.8707622 -0.390378 2.7749333 0.35678357 0.70605075
creates 3.2130497 -0.31353676 -0.14342701 0.8235874 -0.7265983 -2.0132189 -0.44870567 0.33009207
feasible 2.8749783 -1.0556793 -2.0151355 1.1721728 -1.1896747 -0.75064254 1.3214157 -0.02772977
sell 4.196901 -1.0562867 -0.6441908 1.2386467 1.2708983 -1.6162593 -1.2872169 -2.127656
on 2.3988953 -1.3116465 0.09634105 0.7863505 -0.6448949 2.4533067 1.5975655 0.7484904
estimated -0.5684733 2.0103245 0.17630543 0.5752195 -1.1421297 -0.85333985 1.9279885 -0.823597
should 1.2111619 -3.5114248 3.2554085 -2.2173426 2.1830292 -2.2812178 0.032560863 2.5573847
plan 3.4875495 -0.08323748 -1.4188353 0.061858706 1.7470206 -0.14717829 -1.4716172 -2.2881625
resources -2.9185946 4.2545853 -1.6995635 -0.73614264 -3.0398042 -0.84007525 -0.41944227 2.525805
technology -4.229365 2.402025 -0.9734828 0.13711539 3.7365396 -1.109739 -1.5223196 1.9195367
provide 3.0529697 -0.26981363 1.3157564 4.1810317 -2.851236 -2.5757027 -1.1875848 -0.393567
necessary 1.2970688 1.6512598 1.4747696 1.362398 -1.1855848 0.5162831 0.6595903 1.0760125
report -1.3516469 1.4492922 -0.85478616 0.34133145 -0.6681745 1.0956448 -1.5131695 -0.84125584
timetable 2.6693864 0.4286364 -3.109674 1.2163305 0.36841118 1.4182853 1.8574568 -1.2531267
headings -8.0311 -3.6791363 -2.1913714 -0.64952123 -1.8642845 0.9251302 -1.0300368 -0.0402213
consuming 2.8585966 -1.3405887 -0.33158958 -1.0031621 2.4558377 -1.4812167 -0.13342753 -0.28883278
meaning 4.587041 -2.144456 0.61679 1.7523501 -1.1716757 0.29197323 0.53542113 1.1281193
audience 3.3739781 0.08806512 -0.23114912 0.23542619 -0.44857395 1.1766936 -0.2246748 -0.77093863
areas -0.20998438 2.118222 -2.72621 -1.1419355 -0.5075375 0.30105394 -0.32342657 1.0322868
original 1.8412822 0.615573 -0.13351591 0.9454012 0.48430926 0.31041417 0.64116484 -0.58698404
month 0.92359334 0.49434188 1.7487375 -1.5510612 -1.002327 2.8324637 -1.0639484 -3.0747514
public -0.10037608 1.8057982 -1.5399156 -0.23500527 -0.77729577 0.7198824 0.7302992 0.4274857
process 1.3526918 1.1725973 -1.3545728 0.08077501 -1.0501951 -1.037054 -2.4056406 -0.45092687
renewable -1.0113877 2.0530508 -2.4934008 -1.2243993 0.23368342 -1.4008875 1.6554509 -0.35599566
existing -7.350145 0.69773364 1.4798688 3.841653 1.3187861 1.8622935 -0.4946547 0.47816473
require 2.1559827 -1.4505719 -1.7846841 0.9931252 -3.1182506 0.46434456 -0.2207447 0.17905627
statement 3.71719 -0.6541306 0.09570254 0.73230785 -0.65720266 -0.082745254 -1.6731204 -1.0507067
pollution -6.8872533 0.90273225 -1.9023649 -1.242847 0.9365084 -1.4674053 -0.5651891 0.7767031
national -4.9303536 1.2741575 1.18618 1.4645274 2.2001884 3.2658665 -1.4247221 0.64285827
generated 3.5848472 1.7244414 -0.9714919 2.4752219 0.09642359 -0.9982019 0.63661265 -0.56539816
business -0.675699 2.4639182 -1.0685136 -2.3159256 1.0531361 -0.6624485 -1.8613818 1.1190795
would 0.59330595 -3.0911405 1.4302913 -1.4836313 2.2942016 -1.9072196 0.6857299 1.3252879
instead -4.185846 -2.7376082 0.14964926 -1.1248119 -0.64543194 0.57046837 0.7687911 0.92551535
share 0.84639657 -0.011286393 0.33554453 0.22649941 -1.3449572 -2.3153965 -3.3111818 -0.59476465
integrated 1.0333982 1.5443195 -2.8444495 0.4510568 2.1878064 -2.4673364 1.2838707 -0.40738824
prime 4.318864 -1.3895602 0.1746981 2.3018932 -0.60242057 0.47119883 -0.4091767 -0.33009365
interest 3.6282806 0.79247004 -1.3468231 1.0234374 2.0073113 0.17169411 0.3718173 -0.95240504
concise -10.161434 -2.0302548 0.40702742 1.825082 1.7821506 -1.5804112 3.2763536 -0.4773021
authority -0.7030011 1.2199882 -2.609578 -0.9153536 -0.85144407 -0.19268732 -0.6278906 -0.10404218
degree 0.15114158 0.6272236 -0.020193247 0.74182516 3.0602896 0.4389203 1.5709264 0.2098198
internet -4.5269446 3.0014362 2.5767817 -2.1061795 0.047230784 -1.6590685 2.270911 1.259469
familiar 0.3793718 -0.8623162 0.34791395 -2.919672 0.77743715 -0.93951726 -0.6007845 -0.34317166
centralized 3.007111 0.8650367 -2.5269418 0.82773405 1.4861969 0.5616406 0.7956744 -1.4297564
updated -7.524081 0.8764798 2.6392183 3.5002778 1.39343 3.1362572 -0.057109002 0.059928358
march -0.7737345 1.4115644 4.0977325 -2.705226 -1.6262847 1.0215813 1.75367 -6.04919
opinions -0.6296693 2.521553 -2.5505354 -0.7554723 -1.0589122 0.6083376 -0.55235046 1.130933
around 3.1338444 -0.16672015 0.35343412 -0.9454628 3.432468 1.1859632 0.85422474 -2.0216355
host -2.7282166 4.3710055 7.7705646 3.1177893 1.552708 0.3666207 -0.716339 0.6141809
with 2.9531856 -1.9738622 -0.80066293 1.7700795 -0.31983283 2.0228863 1.5923948 0.18225984
change -0.6570274 1.7266598 2.2755032 -1.2800779 -1.5782621 0.20800707 -2.8492153 0.13862926
benefit -0.36672497 0.9998536 -1.3318386 0.05231695 -1.3555363 -0.44102818 -0.78919387 -0.15380974
plants -2.5646253 4.727445 1.379266 -3.181379 -0.90151525 -0.9513096 1.0535601 2.1320038
way 0.57372963 -3.1600199 1.5332831 -3.3341513 -1.0408874 0.5152789 -2.790718 0.8015338
not 1.6996529 -1.9506215 1.873324 -1.8985653 3.6790462 -0.80939424 -0.30258298 0.9934795
january -0.33778504 0.862274 2.8972604 -4.2762575 -1.1717736 1.1925635 1.5414506 -4.926849
receives 2.246872 -0.0026837522 -0.011690679 1.8804878 -1.0112407 -0.5281582 0.19508925 0.51254004
producers -2.4920557 5.4707108 4.223292 0.85411656 -0.78862745 -1.4105304 0.056168508 2.1032174
savings 0.05973575 0.74753135 -1.8543445 -1.6114128 -0.01049837 -0.8852241 -1.4499704 -0.7555291
creation 1.0180002 0.71235335 -1.1050974 -1.0055057 0.03759507 -2.2853506 -1.2140807 0.23669286
get 4.5143924 -2.1581264 0.49711525 1.8158923 -0.63278085 -0.048688807 -1.5935271 -0.17418937
those 1.7488408 -2.2363975 0.3032459 -2.7545896 1.0533892 1.6941196 -0.5741716 2.3033035
viability -5.582941 -1.8323562 -2.0119023 -1.9994919 -3.6044111 -3.3859975 1.7456053 -0.15893534
regarding 2.9238777 0.27250636 -1.1482648 1.5813032 -0.13115484 2.0438714 1.8827922 0.7271842
plans 2.2255428 0.62136376 -2.6361988 0.2428269 0.3600388 1.4310619 0.31972802 -0.5402253
time 1.8700391 -1.7737519 0.6362877 -2.4561996 1.3430583 0.58248115 -1.9671613 -0.50994235
and 1.1215192 -1.6672525 -1.1120788 -0.6944344 0.48184118 1.0191814 2.1790056 1.9990003
offers 1.2732164 1.0176603 -1.8172916 0.4489682 -1.7326368 0.14802639 0.69952697 0.86013883
fully 2.282983 -1.8922317 -1.2312646 -1.7601317 1.6970845 0.7034401 -0.12332999 -1.0791633
access -0.724135 2.7310457 0.4876921 1.4949101 -1.1340069 -1.1372182 1.9784484 -1.048524
points -11.064438 -1.0000933 3.1176608 4.6487603 2.3257291 1.6783959 -3.3328307 0.77563214
investment -2.6468723 1.4608108 -3.0731583 0.5103477 1.3941487 -1.279795 -0.4768479 -0.5466984
options 0.5467851 1.1427507 -1.923207 -0.6692987 -1.4926802 -0.9018393 -0.31329975 -0.031761352
installations -0.93365943 4.351752 -1.6638027 -0.8928744 -0.95351267 -1.4965594 1.0551646 1.2697402
costs -1.2029198 1.9342463 -2.5305858 -0.81830394 -2.0538254 -0.83658755 0.2943932 0.5902633
from 2.4771645 -1.4479252 0.20105699 2.072566 -1.0538989 1.8555523 1.6742526 0.3348907
who 2.8820207 -0.90606755 2.8577461 -0.011606826 5.3353148 -1.5787108 -0.39292282 -0.035802394
create 2.67795 0.12163342 2.5593088 1.7642471 -1.6688106 -4.896442 -2.3963997 -1.4257697
dependable -9.675881 -5.5454473 -2.2864518 2.6785645 -1.1292295 -1.1885167 -0.8930097 -1.2533102
uagc -7.0043526 -0.12742648 2.8257675 -0.8375355 -1.5126206 -2.230027 4.7875357 -0.5792624
return 2.3616507 -1.4068695 2.4116282 2.5660546 -2.6520526 -1.7698969 -1.6392231 -0.8174149
charges 0.54958177 1.8079109 -2.4323144 -0.1025704 -1.8019646 1.4250479 0.14360476 1.022925
exists 1.6360837 -1.5004678 0.36604962 0.8673302 -2.9352868 -1.489422 0.56935304 2.4081566
you 1.9391683 -2.0877194 1.7830611 -1.0541624 0.7382161 0.08498681 -2.0800426 1.6835332
come 2.081838 -2.824576 3.9517028 -1.1122566 0.5145415 -0.6413159 -1.2224861 0.122732885
own 1.343716 -2.9075975 -0.45207843 -0.73377585 -0.68272054 1.0291516 -0.5254269 0.67796206
initiative -3.4803765 -0.5592026 -2.7613423 -0.37091005 0.7877993 0.3205895 0.48263448 -1.4077148
that 2.2075527 -2.0521646 2.3954575 -1.16048 3.1933243 -1.9453535 -0.79683274 1.3032372
state -4.9896803 0.82527524 2.0577314 0.7630249 0.8992194 2.6524897 -1.4597269 0.53137493
doors 1.0717665 0.3432429 -0.57703763 -2.6049385 0.032670427 -1.0472592 -1.5994475 0.4890486
format -5.839026 0.4507399 0.16152243 1.3196557 -0.045052342 1.7367307 -0.36685547 0.060653813
sources -3.376724 5.83414 7.182127 -0.16948785 -3.3237963 1.1886895 -0.5041716 3.313662
expedite -9.255038 -3.8541358 0.294749 0.6899729 -2.0844927 -2.6444886 1.9051594 0.7300179
incentives 1.2937328 1.9203964 -2.9475985 0.3044965 -0.93579036 0.096977755 -1.2392715 0.6713576
used 0.92748547 0.30875972 0.520109 1.2717643 -1.9291656 1.1984392 0.6011413 -0.16385205
active 2.1646016 1.5954057 -0.05476272 0.44549766 -0.08348339 1.285919 0.3041285 -1.8631699
two 1.3673447 -0.49197125 2.3141766 -2.160355 -0.06471175 -0.29401523 -1.1714001 -0.99479795
sealing 3.344265 0.14782035 -0.82366455 0.13141704 1.3624347 -0.84259856 -0.70021176 -1.5105383
executive -0.7766024 3.546386 -0.70636845 0.2140132 1.5507417 0.5535573 0.56587607 -0.43363345
world 0.8831392 0.5992482 1.822412 -2.7425613 0.1441281 1.3557935 -2.0641062 1.0692137
april 0.33670652 0.9500613 3.0197103 -2.4603298 -0.56791764 1.1446089 2.1498277 -5.3542128
clients -0.38241687 1.5955199 -1.5073924 -2.1309445 -0.9241024 0.33286262 -0.7095139 0.3611955
flat 3.4026568 -1.1773541 -0.42641023 1.4535421 1.1024828 0.7766195 0.6477593 -0.86341995
rt 2.6904182 0.03985439 1.1370095 1.2534411 0.8661862 1.0789827 3.2933967 -0.19161014
specific 2.7608078 0.34413394 -2.165766 1.4915292 0.77511305 1.9810077 0.49637204 -0.37111932
good -1.7655056 -1.7215848 1.9620911 -3.2766159 0.47280172 -0.45997462 -0.5184874 0.23645392
recommendation 0.89025134 1.1290334 -2.1108913 0.28269327 -0.59760606 0.95325094 0.09439196 -1.3624405
step -0.08375626 -1.7725983 0.5253406 -3.1245098 -2.1644506 0.5058989 -0.4989566 -1.961595
find 2.1635509 -1.8269168 3.1776175 0.985324 -1.5708354 -2.7990637 -1.7183924 -0.4619545
illustrates 4.24319 -0.022648815 -0.58725786 2.51105 -0.38853687 0.47414002 0.99231243 -0.44473088
action 0.42931473 0.58512884 -0.8314788 -0.6083888 -1.4880657 0.75660145 -2.4623013 -0.33039907
utility 2.7199824 -0.20809905 -0.82010317 2.6131477 -2.4861343 -2.430898 -0.85026884 1.1773896
well 1.0828577 -2.869786 2.3217545 -2.763037 1.0458994 -0.43137437 0.48797554 1.1112868
have 2.809768 -4.3541026 0.5753635 0.5516071 -0.95746124 -0.053505454 0.48724395 1.6780047
must 2.1789684 -4.376445 2.5371237 -1.4414933 -0.57552177 -1.358074 -0.7983367 1.7568287
difficult 2.3099942 -0.59711754 -1.6599615 0.39872488 -1.2527201 1.4061048 0.29767752 -0.26178682
unaware 3.8236136 -1.1394591 -1.8204365 1.2745603 0.04116462 1.3787384 0.8305242 -0.08568108
standing 1.556763 0.31845224 -0.6340368 -1.7228122 0.98714274 0.6260288 -0.11505918 -1.3542305
be 1.7320493 -4.8180256 2.1608956 -0.20232992 -2.2395744 -2.0240896 -0.79800767 1.7030197
supplier -2.8758802 5.5034614 6.4706783 3.7504902 0.5914768 -0.25713086 -1.3359919 0.91237926
consists -1.5862929 -0.3568163 -1.0225058 1.5647602 -0.33927172 0.7602597 0.20639469 0.39805272
contracts 0.21878621 3.0091205 -2.9946456 -0.59214234 -1.4779588 0.50775564 -0.2024699 1.4705088
finance -2.6521642 5.263369 -0.36596647 -1.6956239 0.028025843 -1.5171422 -0.97386295 1.3144504
traditional -2.3585203 1.316407 -0.50927687 -0.8691183 -0.74719256 0.963906 0.6793223 -0.39160267
giving 2.9473805 -2.6051104 -0.083141595 -0.5461324 0.29470405 -0.69553953 -1.4760846 0.0255756
impact 3.0865612 2.0344362 0.2747379 -0.13878214 0.99252516 -0.8208981 -0.86497724 -1.5844951
unlimited 1.9242313 -0.10671462 -1.6023471 0.047750633 -0.20078275 0.14355345 1.2349317 -1.440733
no 1.8849839 -1.387315 3.591668 -1.5262468 2.1372697 -1.8807212 0.16807519 0.3934921
generate 2.984551 1.3888118 0.3947154 3.3615928 -1.480574 -3.417496 -1.7327615 -0.9271001
year -6.6676936 -1.5265968 3.490726 -0.26592788 0.17756847 3.0042958 -1.4932551 -0.63433534
current -0.22834292 3.043325 4.753048 -0.32257962 0.5073807 2.446384 0.9406139 -0.79701084
option 2.3425262 0.09685897 -1.1428202 1.7037297 -0.2057733 -0.30728585 -0.4854944 -1.501895
grid -7.3838205 2.7117763 4.525201 1.6806508 -1.183301 1.057571 -2.5098734 0.7965105
contractual 1.9150785 1.3940536 -2.7227807 0.99697983 0.09433014 -0.06589024 0.8518376 -0.08895283
only -0.53280556 -1.3354119 1.3974061 -2.8521495 -0.007977366 0.37063187 0.51415545 1.3563006
cheapest -6.880725 -1.9197801 -0.5689224 -2.3740573 -0.93148935 -2.1889784 1.028986 -1.7552774
leaders -1.9119933 2.6328068 1.3000093 -0.19287361 -1.0487145 2.6859777 -2.1733341 1.2889267
provided 0.48126373 -0.3265431 2.1515713 2.158564 -3.818166 -1.9341985 2.6482012 2.1691477
full -0.4237258 -0.9160585 -0.3638398 -2.240748 -0.49772865 1.1376894 -0.4575414 -1.1822377
goal -1.4043171 3.4652653 6.0725408 1.1829964 -1.8178197 0.15942323 -2.4390647 -0.3966083
which 2.581122 -1.1413573 -0.30366826 0.71593374 0.9973007 0.60662 1.7122539 1.6871343
through 1.520389 -2.050914 -0.65278816 -1.3442179 0.81696224 1.345245 0.8707309 1.0559129
weatherizing -5.046554 -0.01265369 -0.13194738 -5.019808 -3.8780627 -1.0648333 1.2577358 -0.39502785
overcome 4.400241 -0.6768621 -1.1450249 2.3861928 -0.14996724 0.014368096 0.1468302 -0.08854207
seeks 5.364811 -1.4753969 0.07274539 2.3938282 -0.44583344 -0.22445098 1.620225 -0.07990391
this 2.8075097 -0.41740784 1.5736557 -1.0882791 1.7314649 0.78901553 -1.0483404 0.37865323
highlight 0.49323678 1.4224344 0.28291672 0.6554746 -0.35692254 2.114175 -1.6239674 -0.24277835
fees -6.3443336 0.54637814 -1.9548726 0.47238868 -1.263696 0.07496175 -0.48068547 0.56841713
section -0.8471032 1.5138452 -2.0258934 -0.3550948 -0.88392985 1.6398464 0.11195891 -0.13290082
sections -0.6414401 2.6946003 -2.2562675 -1.0894159 -1.0467502 1.2656277 0.087463446 0.8980771
meter 2.3662767 -0.47151333 -1.5224062 0.510747 -0.12049431 1.6254662 0.782434 -0.60673994
total -7.8445487 1.0469799 2.0662332 2.453432 1.3109052 3.1497474 -1.9435736 0.79591453
decreased 4.108341 -0.84434164 -0.9866049 1.8956673 -0.43239108 0.2853334 1.0071601 -1.0036154
coal -1.0057914 3.3786788 -1.761881 -1.1517124 0.77515894 -0.14353454 -0.28631526 -0.012345084
prior -0.52071184 0.7000992 0.15795551 1.327181 0.5248552 2.616085 0.90685755 -0.032452438
by 2.2890372 -2.1409838 2.0576558 1.1235493 -2.5455909 0.6527334 2.2090979 1.8122083
buying 3.947378 -2.2082734 -0.81196433 -0.22576244 0.43953595 -0.06750396 -0.93570054 -0.34915018
will 1.5716604 -3.5160878 1.0079197 -1.7213467 0.46357697 0.13807715 -1.0878114 0.8481941
are 3.0334108 -4.081645 2.6989405 0.8822737 -2.7002952 -0.5139267 0.1037436 2.7477052
when 2.648739 -2.4072406 -0.1182192 -1.1286961 1.6955851 -0.21975595 0.38913405 0.62343526
maintain 2.3395648 1.0042057 0.49667752 3.6770027 -2.4360445 -2.3152952 -1.3547112 -1.1409891
representations 0.28001398 2.327408 -1.9108192 0.72611505 -2.2918167 -2.3058043 0.37684909 2.604457
customer -2.0547533 0.33844456 -0.44010338 -1.7208918 -1.2461277 -1.2328871 -0.7375561 -1.1264237
one 1.9298548 -0.7880173 1.1798882 -1.0751262 1.8347654 1.0197015 -0.840851 -1.3031913
local -0.96382505 1.5928949 0.8772205 -0.19476852 -0.6505447 1.5460526 -1.6163437 -0.2233918
undifferentiated -9.359874 -3.6277394 1.1218945 1.6788603 1.3349242 -0.79535455 2.93116 -1.338908
various 2.086057 0.27192757 -2.1774328 0.5035215 0.980419 1.142995 1.2369916 -0.16244966
electricity -3.23503 4.7455316 0.23767456 -0.6189236 2.9142275 -1.5310881 0.57669586 0.7901893
per -0.85741305 0.079140276 1.3879308 2.7527745 -0.42478436 3.0269146 1.8549094 -0.17249806
above 1.9964992 -1.4472106 0.27738714 -1.3790023 0.9452468 0.3473774 0.5341846 1.0965511
expedited -6.385396 -2.1155832 0.33158526 -1.1886396 -4.0338235 -2.690032 3.0025907 0.59561175
its 3.319491 -4.2849 2.1832073 0.2588155 0.39546803 -0.22442102 1.8446193 2.1446803
between 3.3943446 -1.0602127 -0.0771855 -1.5029941 3.780956 0.16413268 0.9062552 -0.6999514
make 3.6298406 -1.5676799 0.1941795 1.6638325 1.1353607 -1.5478175 -0.9295443 -0.9411073
style 1.8286767 -0.53751665 -1.176926 0.122513756 -0.7579691 0.91358894 -1.3615645 -0.7228831
proposal -1.1483763 1.4342548 -2.4815433 -1.279805 -1.817371 0.29827043 0.5024285 -0.89848536
such 3.0449197 -3.4084306 0.12917526 -0.61449087 2.6772406 0.2449709 1.2151965 1.7815439
june -2.8851545 0.11574441 2.7285535 -3.305208 -1.4377692 2.2561574 1.2755024 -5.0756154
distributed 1.170931 2.7341769 -1.07028 1.1297483 0.8822801 -0.75438374 -0.1588032 -0.7935342
some 1.2751536 0.90028006 -0.6582628 -0.555542 2.3157346 0.86879003 0.46924204 -1.0907805
major 2.8998222 0.781139 0.57252353 1.5058222 0.1453209 2.0170763 -0.2307265 -0.98903793
improvements -5.4656334 2.3026395 -1.1197354 -0.9112105 -0.63263416 -1.5222124 0.223361 0.6340261
purpose 2.601087 -1.3849802 0.44148627 -0.17385375 0.5388511 -1.3990896 -1.605786 -0.11460546
an 2.869828 -2.282047 0.12929243 0.908304 -0.2335255 1.3875703 0.9132342 1.0389668
improvement 1.2941575 2.591827 -1.8208762 1.3047235 2.1027825 -2.6077828 -0.38008332 -1.2177871
center -0.19658093 0.44139636 0.68854165 0.57974386 0.2383589 1.6325086 -0.9668189 -1.1808594
adequate 0.4055715 -0.12722878 -2.3019884 0.47307763 -1.7003155 0.12181231 0.48206472 0.5851775
internal 1.3970603 1.8249235 -0.57896364 0.16351889 0.30478814 1.6034329 -0.25070086 0.10516984
may 1.3719436 0.2809149 3.153791 -1.4283329 -0.97606546 2.776564 0.5498931 -4.360753
solar 0.6604242 0.781622 -1.1967578 -1.5764067 -0.08117678 0.7455496 -0.51043147 -1.2331002
accomplish 1.8449762 0.5366769 1.1957759 3.2558188 -2.33386 -1.645904 0.57740855 0.17040324
country -7.9951706 -0.010505665 4.922407 3.458361 2.89822 2.3549814 -1.5171704 -0.44891894
separate 1.324094 -0.27714145 -1.1843308 -0.35971257 -0.5459407 1.1322038 -0.75235754 -0.71839637
increase -0.8217745 0.8493146 -0.14744596 0.025778253 -0.5880262 -2.6007502 -0.5598594 -1.8234888
system -0.8885563 2.4524395 -1.6032672 0.30847958 -0.724405 0.29791698 -2.15668 0.60639757
so 0.6054033 -1.6441512 2.1596797 -2.8701818 1.3760368 -1.3168496 1.168913 1.2178085
steps -2.5071297 0.18976761 2.0111034 -4.8314986 -2.5323792 -0.46560124 0.77993083 -0.36121258
analyze 4.011868 -0.13415504 -1.7168275 2.1178463 0.4590026 -0.25282282 -0.069071725 -0.30832437
to 4.2139935 -3.1204379 3.4468842 0.71205133 0.5813731 -0.6960296 1.6064429 1.5290717
generation 3.267615 -0.35608512 -1.58479 0.30299166 0.7397718 0.89373016 -1.1438259 -0.83457685
companies -1.4766288 3.1143014 -1.0731238 -1.5663877 -0.17943217 0.26857644 -0.076704375 2.6291134
efficiency 1.2162402 1.9511138 -1.9025015 0.32699367 0.5642864 -2.1410954 -1.5406308 -0.8324083
important 0.3692981 0.31938952 -1.7096112 -0.8502737 -0.7933595 0.8950401 0.11104645 1.1654775
saosl -4.71584 -2.0205927 0.8094385 -2.29899 -4.122843 -0.52774215 2.963162 0.43546826
challenge 0.5666738 1.3908907 2.4041173 0.31546277 -1.8501871 -0.0875252 -2.267017 -1.8467692
any -0.19436613 -1.6565312 0.2377623 -0.64650095 -0.9844596 1.3128307 -0.30576906 1.1310374
run 0.4055045 -1.138536 5.6040835 0.37138715 0.3699386 -3.3645434 -1.9296539 -1.4525503
waste -0.047232382 0.26515895 0.08720823 -2.60243 -0.37398395 -1.7329594 -2.5243218 -0.8303136
timeline 1.9549596 1.0662577 -1.2865505 -0.0972264 1.2130833 1.192251 -0.24319178 -0.8780753
us 1.0501994 -0.5896385 0.6634743 -2.4187372 -0.13782355 2.4775503 -0.14119123 0.9230225
form 1.7245902 -1.5881051 -0.3056083 0.6972605 -3.315196 -0.8622746 -1.3995968 -0.3897199
all 1.4751616 -2.7568636 0.9372255 -1.5081792 1.8555532 0.56686264 0.26208583 1.1496183
powering -9.515998 -3.820313 -2.6515727 0.400036 0.65327275 -0.43341112 -1.4556972 -1.0007132
associated 2.4965398 1.2822658 -1.6522409 1.8513542 1.8062186 0.6853716 1.0404514 -0.020911003
need 2.0910428 -1.9893925 1.6106637 -2.238967 1.6139448 -1.8868349 -2.1859436 0.14145027
vary 2.3234675 -0.028179808 -2.6191013 0.61738276 -0.08164487 1.9410583 0.7788918 -1.062703
extended 2.4832714 0.13372333 -1.3259722 0.5136178 -0.31489003 0.7280255 2.17257 -1.144066
possession 2.0855489 0.4952473 -0.69280475 -0.7028882 2.4787805 -1.8663754 -1.8624929 -0.24925508
absence 4.9117866 -0.13886486 0.29051515 2.3589473 -0.3658855 0.50383747 -0.7889318 -0.4358216
services -2.69468 4.6658 3.0348995 2.8971517 2.4676435 -2.866802 5.114924 0.40655425
course 1.6661315 -2.2324078 -1.0372776 -1.7982751 0.750958 1.4929388 -0.10297246 0.23338032
partnerships 2.2371714 2.7854204 -2.3034103 0.57961553 1.3427424 -1.1757581 0.21273136 -0.55283993
them 1.9838191 -1.8906637 0.16349047 -2.106254 0.030315133 1.7547095 -1.013992 1.4488323
their 1.6082557 -2.7220888 -0.1465328 -1.871097 1.0537757 1.9310367 0.2507696 1.2110621
give 3.2634473 -2.8740969 1.9588499 0.6363048 -0.085377924 -2.1029227 -2.613548 -0.7061739
below 1.7704788 0.303091 -0.3095089 0.07749082 0.4577922 1.7136788 1.0705054 0.5466281
repay 3.5274215 -1.6073977 -0.7817305 2.0239935 -1.9258789 0.19804604 1.454269 -0.2925889
economic -0.6606766 3.566341 -2.1476264 -0.9511121 0.29252803 -0.49382776 -0.85786474 1.2472806
windows 0.8127267 -0.16604339 -1.0896542 -2.4233055 0.06514683 0.13054831 -1.9142854 -0.1652431
adapted -0.68403536 5.276883 5.9185634 2.1916807 2.3104122 -0.6382924 3.2076259 0.18344383
viable 2.4943583 -1.0517079 -1.9205287 -0.48003313 -0.6422528 -0.0968484 0.61918175 -1.2607026
reports 0.2470378 2.8737125 -1.0468334 -0.56931555 -1.4400907 1.1357778 -1.1983887 0.7330749
representation 0.05884775 2.0465937 -2.7680326 0.34282732 -0.7459848 -1.2866361 -1.1813128 0.58969414
optimized -11.753281 -6.1551547 -3.0004196 3.556015 2.3526547 0.1189988 -1.5070999 -1.2866212
securing 2.2545974 1.2879915 -0.3125997 1.8386251 1.6088718 -1.6282438 -0.52513224 -0.42391348
describing 3.9248478 0.09337565 -2.0150824 1.661764 0.3967203 0.7379975 0.84606665 0.4296068
turbines -1.1998937 3.2941048 -2.1502573 -1.2623676 0.8815912 -0.20441471 1.7978277 -0.09624813
years -1.7895437 -0.92230684 0.52066946 -4.2584414 -2.1342874 1.5798482 -0.014744641 -0.64900565
whether 0.99458903 0.7013821 -0.13776848 0.6590737 2.5497227 -2.0547652 2.4700966 0.67913204
allow 4.1964645 -2.4738371 -0.15646556 2.5844262 -1.5970836 -1.6843972 -0.591588 -0.40674472
been 1.8764138 -4.397829 2.075777 -2.027514 0.22385879 -0.57298464 0.692022 2.2435646
recommendations -7.4915876 0.29167032 -1.9192615 -0.59832186 -0.6086348 1.1627498 -0.22551827 -0.22108455
main 3.5601895 2.7501805 3.6546845 2.168337 1.1990873 2.6326933 -0.8491738 -0.28869465
ashr -3.777729 -3.3228512 0.6037981 -4.225958 -3.9096358 -0.26026362 1.8162675 0.22228703
knowledge 0.71542746 0.9999061 -0.7322967 -0.043723673 2.3156207 -2.19422 -1.7962021 0.8834273
lack 5.1324534 -0.7724911 0.38004994 3.3368351 -1.01107 0.58861977 0.20998132 -0.14711855
via 0.8363157 0.49218524 1.5921233 1.8534018 -1.0739015 -0.5441263 4.01456 -0.46794134
employing 4.5979123 -1.48572 -0.55337536 3.7871127 -1.9309402 0.10452242 2.5026188 0.57764286
wind -0.75979877 3.206766 1.5382624 -3.5857894 1.5105029 -1.860254 -0.75401264 -0.6306898
general -2.2684913 1.8943323 0.49380425 1.1429776 0.35260063 2.1986737 -1.2742826 -0.40982148
choose 1.863981 -1.6413478 2.6890628 1.3228234 -1.8297322 -2.501863 -2.1689506 -1.3576455
but -2.040443 -2.2483082 -0.11470569 -4.783808 -0.9369982 -0.0636651 0.41928342 0.93185997
each 1.8643092 -0.6005242 -0.11036068 1.2436447 -0.14303392 1.5094665 -0.12855291 -0.46080694
assignment 1.1821854 1.2991163 -0.49430293 -0.2426196 -1.0078908 -0.13393825 -1.7095362 -1.1265686
opportunity 1.6545527 0.67590165 -1.4057945 -1.0566195 1.10313 -1.0417585 -1.253555 -0.37231144
solution 0.65252995 0.8442018 -2.3092384 0.55745625 -0.91651607 -1.5062591 -1.0362217 -0.7854216
average -4.131785 0.15509586 0.6201577 2.8252802 2.467687 0.685485 -0.6124897 -1.2972009
means 2.4967709 -2.8549805 3.1552866 1.7666737 -3.0890865 -1.1261765 2.074203 2.9077733
figuring 1.698698 -1.7678995 -1.6635789 -1.3871384 -0.2680083 0.8335799 -1.1243162 -0.33547276
consumption -0.9172134 2.5979052 -2.4499946 -0.63101727 -0.35278583 -1.3597643 -0.38062528 0.02429688
weather -0.6001035 3.6990538 2.6838553 -2.2925236 0.62002903 0.25754303 -0.33319205 -0.00786228
service -1.927205 1.3202542 -1.0430033 0.79264736 -0.12033113 1.713895 0.28705984 0.19898759
supply 2.3794591 2.2045834 -0.6335009 1.2981764 -0.742468 0.853052 -1.295661 -0.4325487
as 3.2955508 -2.091511 -0.05638703 1.0399091 -0.27221838 3.0338662 0.79795235 2.1242008
contain 4.0094976 -1.3844777 -1.3050951 2.4423485 -2.093323 0.9053196 0.096063025 -0.37518692
data -5.5002713 1.5030566 -0.3644088 1.1851858 -0.0711841 1.2216974 -2.6142774 1.6897575
in 0.8623237 -0.54056144 0.59397024 0.1898799 0.089383796 0.9330425 2.9659917 1.3687384
paper -3.2462282 1.763024 -1.4461337 0.18734916 0.936453 0.88522583 -0.101206996 -0.41858315
renovations -1.44035 3.6102715 -0.9906441 -0.5425232 0.7220294 -1.2499651 1.4321545 -0.23133658
formation 1.2503817 1.2639263 -1.1920671 -0.29510513 -0.30792916 0.8496437 -0.2134641 -1.237679
present -1.1273161 2.5522711 3.9258382 -0.37803614 -1.1040243 1.6006674 1.4656985 -1.4801986
customers -1.6595534 1.3449779 -1.4790921 -2.1616826 -1.5553159 -0.10630104 0.021792134 -0.012059177
across 0.40701246 -0.7556318 0.46163228 -1.9502934 3.877611 -0.62198985 1.4109786 -0.8466688
visual 2.0631888 1.4245101 -1.3377249 0.7634199 1.7490264 -1.2420107 0.12602942 -0.79534185
for 1.3020735 -1.9383539 0.943223 1.2424632 0.74469477 -0.29209432 2.3633826 1.352376
residential -0.9606649 2.5539644 -1.167579 -0.8341992 0.82790124 -0.8317601 0.84902686 -0.32771292
gradually 0.41147438 -0.86973894 -0.7648268 -2.2038112 -0.21306734 -0.25323504 0.6402792 -1.0554439
regulators 0.7030178 1.3275357 -2.9691124 -0.8637551 -0.79772633 1.995699 0.02720245 0.19112684
nuclear 0.522292 2.8098083 -1.2250097 -1.244139 2.0727735 -0.1261874 0.8481562 -0.43481466
law -3.3988452 4.3824954 0.5201679 -0.8153469 2.0401187 -1.2916453 -0.085828245 2.4172478
restate -9.5363 -5.22034 -1.9459239 2.2181315 -0.5584967 -0.23634404 -0.3217651 -1.3537196
of 2.3325727 -1.6140544 0.07723749 0.9995911 -0.42079592 3.240128 1.7039665 1.0546503
alternatives 0.66259104 1.909373 -1.9813031 -0.25628915 1.869017 -1.872387 2.1227777 0.8758565
longer 0.46983588 -1.4643489 -0.77734506 -1.8438267 0.70007247 0.77454257 1.5032351 -1.259766
renovation -4.461275 1.7353023 -1.4147384 -0.16114748 1.4717869 -1.556577 1.0431887 -0.651938
lessening -9.794052 -5.4008446 -2.9392862 2.0828886 0.03907953 -0.047397923 -1.377728 -1.1166825
contracting 4.5765877 0.27384606 -1.6838261 2.4029074 0.7535759 0.8053334 0.5358348 -0.78800917
also -1.3337861 -1.2343507 0.17679231 -1.1601361 0.48139995 1.6298854 2.1572986 2.217274
the 3.5411303 -1.6338382 -1.1311545 0.1452861 0.87220025 2.0709379 0.5032203 0.4606543
energy 0.8652721 0.6828768 -1.6755522 -1.4861369 0.70501727 -0.36439848 -1.7711664 0.39097777
standardize -8.435338 -2.3483572 -2.4035969 1.2126346 -1.0315775 -0.9807972 0.2538121 -1.3530529
nationwide -2.093532 3.004193 0.39139366 0.47619984 1.5504658 1.4170576 0.48687714 0.6731927
advertise -11.160302 -5.5946307 -1.4906939 2.9863272 1.441258 0.2614619 -0.23717056 -0.5680721
economically -0.1224652 3.3014448 -1.9144932 -0.6982307 0.66111267 -0.81844807 0.7856952 0.5075381
simplify -10.658877 -4.3770423 -0.59077954 2.9499762 0.6773188 -3.3864639 0.37739 -1.136391
clean 0.04742824 0.26015526 0.21505801 -0.6692715 1.261771 -2.4133596 -1.5605813 -0.63563323
summary -8.377713 1.8827502 2.971447 2.206795 0.75636655 2.5559723 -2.6100252 1.0407834
can 3.5068038 -2.7158477 1.2914916 0.8287983 -1.8083861 -0.20056304 -0.5670359 0.0037298885
we 1.1856669 -2.657195 0.37753215 -2.3162563 1.0803744 0.47920668 0.20225105 2.1061146
interactive -4.94454 0.1532999 -2.4372926 1.696279 1.5372742 -1.6293213 1.987768 -0.40420145
lending 3.0271852 -0.90879226 -1.8393354 0.5554293 -0.015152719 1.3575767 -0.13628663 -0.6007428
impossible 2.1289566 -1.2934564 1.0062671 -2.0466447 2.2407043 -0.87608325 -0.40653402 0.458605
dynamic 2.6789932 1.755996 -2.5826087 0.8888708 2.3008847 -2.1922116 0.7697256 -1.0040803
here 2.264786 -0.627014 4.176662 -1.2971841 3.6791072 -1.031909 0.9136435 -0.15629247
into 3.2647052 -2.8151207 -0.38456774 -0.88806003 1.2248615 0.4116112 0.53790265 0.6314301
they 2.636084 -2.799281 -0.018322669 -1.579731 1.2828603 0.78913355 -0.8169734 0.8708907
institutions -2.4272041 3.2381377 -2.2867951 -2.1743999 -1.1519864 -0.7504673 -0.20106302 2.3117895
these -0.28490633 -0.10890077 0.027104886 -2.5608337 -0.3624891 1.621628 1.3869511 1.6478628
convincing 4.678672 -0.9677507 -1.5008428 1.2682197 1.9866674 -0.1685552 0.40510276 -0.5494519
want 3.1991074 -1.7076756 3.478552 -0.9922107 1.5063924 -2.0795655 -2.3257105 0.2204628
at 2.1041234 -1.5660886 -0.13815223 -0.2224264 0.51212347 2.24182 1.7953898 0.37511632
partnering 3.5836186 -0.17233238 -0.51258475 1.620932 -0.9927667 1.1556913 -0.4488866 -0.047898695
engage 5.7053313 -1.6917285 -0.08410774 1.947626 0.780747 -1.1366475 0.06512928 -1.5634719
today -2.248749 -0.69892395 2.4683156 -3.719416 0.96699023 0.22376846 -0.524257 -0.38060138
better -0.49643776 -2.4643562 0.39973962 -1.9795105 0.6493734 0.5473337 0.06572897 0.1662383
writing 0.78671336 2.1048322 -1.0037661 -0.5803611 1.1665592 0.09963573 -0.19840564 0.77720076
supplying 4.5925956 1.5960056 -0.5497527 3.9786565 0.29301828 -1.1414747 0.5301981 -0.58296627
utilities 1.6138173 0.09577654 -3.1490693 0.1002044 -1.2079499 0.6579376 -0.11861931 0.85498935
partnership 1.3966042 1.2713089 -2.4159052 -0.46785352 1.0095885 -0.62870544 -0.40045828 -1.1589648
if 3.4396262 -2.9134874 1.9371467 -0.8770809 2.3655713 -1.2565402 0.24728799 1.1753639
off 1.2677151 -1.4614469 0.42298758 -0.4412304 0.93929476 1.7555947 0.026946453 -0.7393474
due 1.7361752 -1.4120237 -2.0708957 -0.38662642 -0.103803165 2.4401877 0.5149096 0.020815091
use 2.117193 -0.8380806 1.1657203 2.6952286 -2.5674505 -1.5270779 -0.56096375 -0.85832256
july -0.88420707 1.3208113 3.2150667 -3.5963593 -0.5201084 1.903848 1.3876957 -5.6439476
conclusion -1.5171096 -0.5259455 -1.0015929 -1.323053 -3.3550947 0.40059274 -0.417188 0.6796233
most 1.539594 -0.56675076 -1.2897748 -1.6468248 2.6033247 0.89750534 -0.2404589 -0.666759
getting 4.004518 -2.0666394 -0.6911121 -0.2625498 1.1917858 0.46537608 -0.6176005 -0.24574077
is 3.2351372 -3.8233821 2.0453415 0.68280596 -1.9908482 -0.7494265 0.91341954 2.3837128
it 2.640266 -2.9751723 -0.00954392 -1.2813323 2.3496401 -0.18621977 -0.60066986 0.78905857
accessed -1.5220095 2.476574 1.9651641 2.17715 0.46466246 -2.0991402 6.9223146 -0.95785177
sample -0.46519414 3.1160893 3.4857893 0.53681344 -0.70483404 -2.8302839 -0.92596704 -0.31445295
remaining 2.6758976 1.0504884 0.9092288 1.3707714 -1.2691313 2.6402464 -0.24790548 -0.3406561
optimize -12.0803385 -6.1564355 -2.5242648 3.6923912 2.5976887 -0.26416314 -1.8112011 -1.2886335
appliances -0.21650128 1.7050805 -2.2299018 -2.13212 -0.98641646 -0.16268909 -0.46529427 0.8572377
products -1.9018497 2.1608696 -2.4229383 -0.6310796 -1.2649063 0.158406 -0.8301004 2.1112638
base 0.32153282 1.7254623 0.70928884 -0.0007975018 -1.9123269 1.5194674 -1.9774721 -0.44649166
providing 3.130697 0.8593344 -0.8245444 3.8724291 -1.7945796 -1.2027323 0.87511045 0.4667249
your 2.148398 -2.2537446 0.16749085 -0.6841306 0.9689993 1.8167621 -0.559176 0.81156814
other 0.5210495 0.2047848 -1.3487365 -1.104096 0.634223 2.0093951 0.51853186 0.6285618
ourselves 0.6749834 -2.020748 -0.30065647 -2.495553 -0.88917875 0.39964607 -0.8222375 1.379574
grant 0.739085 1.7840813 -0.5079848 0.20759007 0.17609595 1.2339834 0.13842356 -0.47104952
following -1.1771351 -0.042035762 1.5793566 -0.6000998 -1.3002776 3.5169232 0.09237511 1.7044742
our -1.3024623 -2.7113266 0.20878129 -2.8213768 0.6980854 1.9402617 -0.036629036 1.4805388
repo -10.397989 -5.4116836 -2.7016623 1.7853556 0.8527228 1.8529491 -1.1000105 -1.3308982
power 1.120209 0.35827407 -0.8371009 -1.8926528 1.9258705 -1.2292439 -1.7778604 -0.31784567
was 0.7001519 -3.6894634 2.3863204 -2.4675107 1.307035 -1.6474465 1.096822 2.6067743
position 0.8090123 1.5226058 -0.12324001 0.16660471 -1.3828802 1.7907774 -1.7322968 -1.1411066
or 2.41809 -1.3773293 0.7555508 -0.74213666 2.6777477 -0.49290255 0.9248181 0.44751698
lists 0.03110703 3.0905192 -0.13870409 0.67870784 -0.84333825 2.0023496 -0.14977963 1.6372349
first -1.0020201 -1.5192136 0.46112335 -1.554525 0.40325212 1.3489463 -1.1604601 0.6363391
supplied 2.0931244 2.624082 1.6374376 3.5362768 1.8873353 -0.6454176 2.5264938 -1.0385934
operate 1.8680804 0.2550528 -0.1191549 1.9585956 -1.9205722 0.44756505 -0.5801287 -1.2086517
procedures 1.031169 2.2577133 -2.964189 -0.0029015613 -1.6848365 -0.20911005 -0.3666588 0.73381674
sole 1.7982438 -0.33293858 -1.6489282 0.41610402 -0.9601988 2.9641476 0.17728472 -0.34205875
refrigerator -1.0963353 1.976011 -0.14939307 -2.3135912 0.63717 -1.1451914 -0.46765858 -1.2983547
dwellings -1.1095554 4.235609 -0.19462207 -1.1347575 -0.27570692 -0.42477992 1.7488606 0.84694785
become 3.6069386 -3.291882 1.66079 0.8356375 -1.6035802 -2.3114693 -1.0042796 0.08560753
contractors -0.7142635 3.282756 -1.8065838 -0.032158766 0.45620927 -1.1886523 1.3225932 0.36861715
repaid -9.704456 -3.2636852 -0.73637056 2.114614 0.5748789 -0.5417644 1.296147 -0.52990216
allows 3.621046 -1.3123373 -1.5235165 2.1792405 -1.6738327 -0.6530263 0.048386727 0.19713543
offer 3.1208446 -0.94433576 0.0030904897 0.7943527 -1.5819743 -0.25556597 -1.0128947 -1.5015455
agreeable -7.6587305 -4.712554 -0.869376 0.0344199 -0.2878142 -1.8059509 1.1130618 -0.83019567
describe 4.553521 -0.7429968 -0.3138135 2.509937 -0.12011821 -0.6663622 -0.48603427 -0.16853344
solve 2.8838577 -0.9291248 1.3361547 2.4399967 -2.1772113 -2.9195738 0.16059387 -0.56563216
problems -0.18715821 2.199012 -2.0742583 0.24108264 -1.0656471 -0.99698216 -0.5024346 2.210648
february -1.1717955 1.0744729 3.8301957 -3.9948876 -2.3237224 1.7749716 0.78404254 -4.7273784
biases -10.816837 -2.9434652 -1.6558856 0.43056414 0.32363302 -1.4866887 -1.0806333 0.56409067
multimedia -8.501557 -0.9365077 -3.2338183 0.9696572 2.413702 -0.44987172 -0.15468138 0.51531285
numerate -7.6089797 -2.83942 0.055007473 -0.16571066 -1.5180961 -1.1149036 2.8630974 -3.328082
chicago -1.499265 2.1947324 0.16967928 -1.4765544 1.2601134 -0.44011697 0.312286 -1.3255228
environmental -2.9042969 3.3498225 -1.6552266 -1.1999165 1.7072705 -2.4847634 0.9528429 0.9190753
ongoing 1.5975643 0.9589362 -1.2940757 -0.5532722 -0.32464728 1.038033 2.2115529 -1.0361426
platform 0.29619014 2.80836 0.4922436 0.5827907 1.8488641 -0.55389446 1.4222808 -1.8307973
pace -0.118115075 -1.5374212 0.26513982 -3.4004395 -1.3547766 0.5730685 -1.6030636 -0.7504694
new -1.0542367 0.6391884 1.9104098 -0.2477216 -0.99479204 2.4047139 -0.6925865 -0.04720846
enable 4.0249085 -1.5011101 -1.3391871 2.4393349 -1.2580395 -1.6461744 -0.830386 -0.4898127
installation 1.0559969 2.8161569 -1.5189996 0.64949965 1.4090725 -1.7381896 1.3802556 -1.0227613
experienced 2.254066 0.38618127 -0.29840982 1.5027469 -0.86129904 0.47580162 0.8528983 0.4121159
processes -0.49077573 3.4051492 -2.196701 -1.250328 -1.8312451 -1.0801594 -1.4142113 2.3913496
information -7.4300594 0.27423853 -1.0346961 2.573534 2.1064951 1.796623 -2.9468012 1.3396183
tackling -6.1176877 -0.4509314 1.811083 -3.1324 -4.125405 -3.9521801 3.7076912 -1.6961405
buy 3.4898593 -0.64746076 1.5895535 1.3532794 -1.3974122 -3.4496605 -2.4497476 -1.9114504
demand 3.1902916 -1.0569453 -0.6591158 -0.097516954 -1.1043683 -0.6165445 -1.5531268 -0.69394135
within 2.6980333 -1.3222331 -2.0867314 -0.0038925065 0.060182124 1.6750652 1.1787101 -0.15840146
has 2.6075628 -2.800257 0.7629719 0.19043194 -0.8197376 1.2832237 0.8046392 1.5102199
headers -10.076249 -2.10184 -1.4522607 2.6953459 -0.6676358 0.532562 -1.2916961 0.51222706
consumers 0.78239274 0.8543227 -2.9605427 -1.0626123 -0.3614442 -0.6780843 -0.61701435 0.502113
hello -1.1986475 -0.35856128 2.7692442 -2.5463443 -0.49099445 -0.92954016 -0.06194043 -1.2580159
see 2.1856613 -1.2250577 0.93745375 0.99484825 -0.85500765 1.478319 1.0950525 1.0668817
